9 8 3101 187 9111 6086 6035 3072 79 13283 
3 5 7059 7147 1009 13256 4014 
4 6 7059 10074 3857 1156 4159 4014 
4 5 11773 11874 11824 9863 6891 
4 3 9340 10323 7482 
6 5 126 3120 181 11080 6174 
5 5 9206 9100 3060 13287 3151 
5 4 11370 277 406 9341 
10 7 290 11301 347 13206 3393 9274 3320 
5 7 122 6145 9170 3059 6080 9204 14 
6 7 9197 70 11059 9190 6057 90 11159 
4 10 11159 9118 3033 11092 155 11175 6021 94 9195 3189 
4 4 6181 9201 11117 3134 
6 6 121 252 6356 9278 9378 6380 
4 7 9131 11189 9207 81 11083 3163 9107 
6 10 11225 9243 9365 6226 3246 3196 257 11240 11393 9258 
6 8 11225 11377 11256 227 12172 3289 273 1278 
6 6 9292 12157 10329 10142 12117 1278 
5 5 9292 1233 12287 10133 1821 
5 10 6338 260 9336 3251 3300 6388 6278 6217 7359 9293 
5 6 7375 11352 7346 12203 9293 370 
4 4 9131 2996 11143 3056 
3 4 1821 9553 1750 12696 
6 3 9292 1327 1292 
6 8 1292 1775 1294 1694 7874 10568 1709 10696 
6 6 10696 12679 1733 1860 7825 7274 
6 9 12691 4724 7815 7886 4793 4789 12536 4866 7274 
6 8 12691 12621 1876 1813 10549 10661 12540 4797 
6 9 4797 1762 4837 10528 7816 1696 4705 7751 12641 
4 5 12299 4424 7427 4412 10297 
3 15 7408 1427 12122 12220 4388 1308 1281 12201 1394 1337 4371 7236 12131 1279 7329 
3 9 7408 10250 10221 12173 10411 7572 7353 7492 1488 
3 4 1330 12127 4336 1403 
3 4 1330 10154 10283 10344 
3 7 1330 12127 1417 12256 4626 4585 1492 
3 5 1492 7469 12464 1082 4425 
3 5 1522 4501 7446 8023 7965 
4 6 6981 3970 3839 3895 9885 11771 
4 3 9843 11761 10068 
4 7 11771 6951 11815 9835 6837 11886 3900 
4 6 10068 9969 11996 11980 7189 1069 
3 6 9843 4140 12026 7109 7000 4093 
4 5 1069 12045 4071 7089 10000 
3 4 4093 12078 12344 1519 
4 5 1069 4037 12015 9956 12055 
4 3 4148 1001 11916 
4 3 11913 11982 7120 
3 5 9974 7058 1096 11991 7191 
3 6 4093 12062 4058 7074 1139 9958 
3 8 7656 9958 10364 12012 7568 10446 10462 7167 
3 4 4619 4631 9999 7097 
3 2 7653 1628 
3 5 7656 10098 7085 7025 12055 
6 5 12068 1091 11959 7214 7186 
3 5 9970 1120 12095 1047 7108 
3 3 12010 11968 11929 
3 3 7260 7344 10201 
3 7 10837 10922 1982 2065 1922 7953 5005 
3 5 10837 12818 8093 10385 7602 
3 2 2089 8001 
3 4 8001 2004 7994 2097 
3 4 2097 3795 1600 10106 
3 2 12473 3889 
3 5 12473 7140 1056 4550 4111 
3 2 4111 792 
3 4 4206 1201 1065 1074 
3 3 4111 1074 7170 
3 2 4206 1086 
3 5 11976 4017 10089 7151 7170 
3 6 4206 4088 4161 11979 1155 12049 
7 3 1572 1584 7388 
10 6 10337 1500 12313 4507 4535 7552 
6 4 10337 12341 1927 12782 
4 4 5015 12369 6785 2042 
4 3 5015 10769 12835 
3 3 12835 7973 8003 
5 3 8003 10916 10830 
5 4 10830 12745 8097 10740 
6 6 12782 2019 12728 5038 10894 10740 
4 5 12835 12721 2083 5021 4956 
3 3 4956 1952 12721 
3 2 4956 10172 
5 3 2011 2008 10172 
5 4 10172 12804 10853 8003 
4 4 1965 12755 4887 13089 
6 5 3834 7920 5044 12791 10740 
4 4 4908 4977 1945 8057 
4 5 13089 12746 12873 10895 8057 
3 3 8032 2051 13089 
3 4 12753 8236 10889 12810 
3 3 10886 10842 12753 
10 3 7202 1547 11975 
3 7 7622 10498 7451 10374 4476 7546 1550 
4 3 8252 5051 12798 
3 3 12604 12617 7692 
3 3 4543 10373 10334 
3 6 7839 2197 5195 2203 2211 8241 
4 5 7798 4776 12932 12924 12910 
4 8 7798 12576 7755 1667 10455 10682 12435 12406 
4 6 7564 7535 7522 4481 12308 7651 
3 5 7669 1431 12104 1454 4441 
3 4 12364 1555 4573 7621 
3 5 12364 10402 12394 12409 1639 
3 4 12364 10402 12394 10418 
3 7 12364 12351 10390 8208 5184 12970 8215 
3 3 8215 10992 650 
3 2 650 8222 
3 4 650 5191 8194 5228 
3 4 5228 11000 5171 12994 
3 3 12994 8217 5131 
3 4 650 8229 8251 5121 
3 3 1639 12494 10935 
3 3 12364 12351 7500 
3 3 7500 10985 12942 
3 5 8187 10943 12453 10515 12364 
3 4 8187 8238 2173 2152 
3 5 10362 12496 1613 1626 4604 
3 6 7500 5163 10975 8255 5143 8216 
3 3 5131 2174 12930 
3 6 8216 10965 2224 5229 10987 12930 
3 3 12930 8157 5230 
3 3 5230 13195 13086 
3 2 2210 2182 
3 2 4589 10447 
4 7 4604 4589 7594 1542 1529 5156 8181 
3 3 8181 7553 10947 
3 2 10513 5112 
3 4 10513 10432 5172 10980 
3 5 10980 8190 12996 2153 10999 
4 4 10980 12334 8148 7476 
4 8 10513 10947 12972 5186 12937 2181 10959 8189 
3 3 5186 7636 12977 
3 2 10946 8143 
3 4 10998 5182 10967 5168 
3 2 5168 2227 
3 3 4696 12547 12589 
4 3 1468 4556 12648 
3 3 2213 10400 5106 
3 4 10400 12648 5231 10697 
3 4 10957 4879 10963 5154 
3 3 2120 10929 4851 
3 3 8214 10668 5231 
3 4 12504 191 4515 1968 
3 4 1874 7872 5199 12504 
3 3 10968 12925 5117 
3 5 2196 8205 12911 5180 8144 
3 7 5210 5196 1939 10860 5160 12929 12989 
3 7 12044 1151 12071 1064 11999 10844 10745 
3 6 11969 10091 7162 11921 10026 7005 
3 3 12051 7081 1160 
3 5 11969 7180 1046 1058 11953 
3 7 1145 11939 4131 13077 7065 9976 11953 
3 5 1145 9964 12760 11923 7132 
3 8 7100 11987 4097 1111 989 4116 4150 11923 
3 4 7100 1194 10113 9945 
3 3 7100 10070 7069 
3 4 7069 10023 4139 4108 
3 4 5010 13239 7980 8124 
3 4 2012 8015 7972 4948 
3 6 4972 1969 2025 1932 12900 2050 
6 4 12810 8089 1965 2011 
4 4 4908 10765 8012 3834 
4 3 7859 12435 12406 
3 6 7520 7450 1611 10458 10445 7564 
3 9 5225 5211 8249 2114 11019 12377 10427 1537 12406 
3 8 8186 10927 8165 5197 12948 2191 10969 12962 
3 9 10433 9782 10503 12482 11906 6811 810 6838 6989 
3 7 4572 7663 9913 9928 11893 6964 9897 
6 5 11771 11808 916 4642 4572 
5 4 10433 7652 11744 4572 
4 4 10433 7582 4506 12485 
3 8 12641 4677 4719 7743 4745 10638 4876 12485 
6 10 4725 7763 12657 10678 7851 12543 4832 12556 10574 12641 
3 5 4506 1588 12618 7832 4725 
3 4 9943 12034 11953 7081 
3 3 7101 10517 7097 
3 6 3556 6579 535 6520 6435 6557 
4 5 9206 11162 3050 6150 3187 
3 13 1300 4255 10137 10309 4379 1302 7280 12297 4397 10016 11936 10129 4075 
3 4 7376 7319 10177 10134 
3 5 7432 7376 12260 10261 4401 
3 3 7408 12224 10293 
3 2 4075 4119 
3 9 4401 12232 10232 12204 1285 10162 4405 4334 1300 
10 5 9347 6257 6389 317 11251 
6 4 6332 6402 3380 389 
6 6 6375 9346 6347 3295 243 11515 
4 3 9296 9196 6072 
4 3 179 3007 11184 
5 3 3022 6118 6114 
3 3 6114 3093 11100 
5 4 6114 9135 11028 3021 
3 8 3022 6038 9132 6173 9069 9208 3126 3088 
3 6 46 11052 3162 11049 3111 6038 
4 5 11125 11164 11081 158 11121 
3 3 11125 124 6087 
4 4 3050 9105 9150 13287 
3 3 3121 9123 197 
4 7 11159 2994 9078 6153 11046 3133 3187 
5 5 70 11174 3140 172 9107 
6 4 9197 11068 13282 13283 
5 7 3152 11426 9079 11127 11443 4640 126 
3 3 83 567 3152 
5 4 592 9221 6099 9079 
5 2 9221 6408 
6 2 6222 3525 
5 3 9262 11246 6342 
5 3 9262 6314 3288 
6 5 3320 327 6296 3272 6407 
4 6 11358 9246 9374 530 6376 9483 
3 6 11967 10061 11910 1071 4145 4076 
2 2 7011 4073 
3 2 7193 11984 
5 5 6072 9096 6151 9174 14 
6 4 9131 9199 3157 6075 
6 4 6075 9187 3130 11171 
5 6 6324 3310 319 222 341 310 
9 4 6245 11250 3358 11282 
6 5 362 389 3324 279 243 
6 7 389 334 11260 9252 9387 6236 3473 
6 2 11260 279 
4 4 6375 11245 3351 3380 
8 5 422 11441 6546 3392 290 
6 5 3392 3256 6306 3309 9304 
6 4 11370 11216 9236 9304 
4 4 3320 6413 9359 9304 
4 4 560 6415 11528 3392 
4 3 9304 11341 3556 
5 5 560 3556 11285 215 3203 
6 3 3203 6319 9288 
4 4 13206 400 3254 3384 
4 4 9483 6229 6360 6296 
4 5 6342 9483 9731 9499 3288 
3 4 11202 9408 9120 126 
5 3 6408 3388 10493 
5 6 319 3298 11302 10493 9240 9340 
6 5 9098 3053 11097 11202 6324 
6 2 9097 11080 
10 3 3151 13285 13283 
8 6 9341 358 6371 6249 9323 11241 
6 5 11220 3331 9289 3378 6373 
6 5 11370 216 386 3350 6373 
6 3 6373 6344 9288 
4 3 6373 3293 3203 
8 8 6557 6509 3457 9533 11464 11490 504 525 
9 4 306 11290 11220 11241 
9 4 3327 401 335 11254 
9 5 306 3362 6387 9382 11254 
10 3 9395 6333 6262 
6 4 11099 2 11107 9131 
5 5 11349 6303 366 9302 11282 
4 3 11254 3279 6303 
5 4 11349 9343 11315 333 
3 4 9242 11224 226 11315 
3 5 6203 85 11084 9177 187 
3 3 11367 6176 53 
6 4 207 387 323 11241 
6 4 11234 207 9353 11259 
4 4 11259 9275 341 7482 
6 4 6324 11392 6242 9353 
8 5 11370 294 6220 9241 11220 
6 4 9288 546 9506 6508 
9 8 525 11557 6458 11489 6508 9477 6565 9542 
10 5 3580 11244 11283 11337 11214 
9 6 3335 3306 6386 6304 580 9542 
6 5 3335 6411 9384 9355 11368 
5 4 11368 11214 384 356 
10 5 3580 558 3492 9449 418 
4 6 413 11396 9579 3554 457 3580 
5 4 9542 3520 501 11397 
6 2 418 11397 
8 4 453 11437 6423 11561 
8 6 418 3531 3508 11452 453 11405 
7 5 6423 6451 3452 458 11438 
6 5 453 472 3449 3466 6474 
6 3 6474 6776 6420 
6 5 6474 6493 6445 9430 9417 
6 5 3519 11459 11450 11434 9417 
6 4 11452 11461 502 3479 
10 6 418 6554 9531 3491 3479 6474 
4 3 418 9556 3409 
6 3 413 3527 11475 
6 4 11475 473 6432 3409 
6 5 11475 11412 3567 547 3519 
3 7 11450 484 509 3489 3505 9504 3529 
5 4 11668 3760 9696 3734 
6 6 9709 6781 3765 9744 585 9417 
6 6 9709 735 9694 11678 731 6733 
5 3 3734 6768 9709 
4 2 13281 13280 
3 3 9680 9677 9718 
4 5 9718 6724 13280 13278 3686 
4 2 6771 9718 
3 3 3755 11715 11561 
4 6 458 488 11530 3584 9437 11489 
5 3 11670 3738 11703 
6 6 11670 741 754 9576 9423 476 
5 5 3521 3559 11399 6580 422 
4 4 9098 11072 117 3072 
5 8 9427 11413 442 6499 11507 9494 9468 11479 
3 4 11767 3884 9914 9780 
7 3 11438 9465 504 
7 3 11490 9481 476 
3 3 6727 3701 6743 
4 3 565 3707 9683 
4 5 6706 3704 6743 9683 741 
4 5 577 3407 414 6600 565 
4 5 565 9716 744 6584 577 
5 2 6580 9494 
6 4 6557 9454 491 11411 
8 4 422 513 572 6557 
7 7 476 6429 462 438 11427 491 11479 
3 7 3203 6232 6556 11477 6593 11514 11464 
6 4 525 3543 441 11477 
4 2 6509 462 
6 7 3335 3364 343 315 11229 9342 9288 
4 3 577 11550 11411 
3 3 833 867 3882 
4 2 9772 9863 
4 2 11874 902 
3 3 1189 1149 4194 
3 2 1149 4051 
3 4 4120 11954 10123 12094 
3 3 11969 9994 4163 
3 6 7162 4129 1037 4061 1141 9943 
3 3 10026 11935 1141 
3 3 10978 10957 12519 
3 4 12766 13250 12723 13251 
3 3 4046 7166 4131 
3 5 9663 3698 3717 6738 735 
4 2 3653 772 
3 5 772 11599 11617 11647 9663 
4 4 772 3658 6671 1599 
3 2 1599 11708 
4 3 11708 1539 11674 
5 6 3668 4463 7624 4458 7495 7661 
5 6 7661 1536 4614 4477 11645 11674 
3 6 1599 9702 12441 3564 12320 6997 
3 3 6997 4755 1896 
3 4 10837 7969 8125 10523 
3 6 1536 12434 11704 9715 4660 6997 
3 3 12818 12704 12748 
3 3 2097 10793 8123 
3 3 1108 10087 1056 
3 5 12473 9893 9823 11871 12416 
3 5 10056 11810 11746 806 3889 
3 8 9878 3876 11860 940 9755 6807 9763 10056 
3 5 11881 9900 933 919 9777 
3 4 9777 6977 921 3870 
3 7 11747 804 3862 3807 3870 869 9763 
3 5 9777 9761 3890 9912 7620 
3 5 7530 10497 4512 11759 7620 
3 4 10106 10804 1549 12416 
3 3 9912 6813 3889 
3 8 9761 6965 11797 9954 11853 6991 10472 12441 
5 2 3668 3682 
5 4 6733 9647 3672 3682 
3 4 585 426 6417 3417 
3 6 3417 3443 11400 9459 11447 498 
3 4 11696 748 11727 3777 
3 6 9753 6620 11429 9455 6486 6516 
5 4 3578 11523 9432 6601 
4 6 6601 499 6479 3517 6541 6516 
5 4 3578 3426 9460 6328 
6 5 413 6317 6369 9367 9245 
6 3 11351 11381 9245 
5 6 3527 6553 6428 3566 6587 11408 
3 7 3555 3582 579 487 9502 11512 3566 
4 6 11351 340 367 3332 6353 6328 
5 3 11408 6492 6328 
6 4 6328 6382 9409 9258 
5 6 3335 3226 6305 11336 3210 306 
6 6 187 9333 3321 9242 248 11234 
4 6 6303 287 6367 3235 9287 11234 
5 6 187 110 11191 9212 11109 117 
4 10 3056 6077 6180 9200 9136 11180 175 3066 3103 6191 
6 5 3268 6392 6295 9389 11375 
3 3 3370 357 6269 
9 4 6245 333 3176 3101 
5 6 6203 9144 6346 11236 3259 6380 
3 6 186 3102 11025 9114 6171 6124 
5 8 6191 9050 9172 6149 3245 270 9368 11375 
7 5 11248 11379 11268 11330 3290 
4 7 11254 11369 11300 382 3308 11347 6262 
9 8 3327 3263 382 246 6365 11284 6252 3335 
4 5 11344 11394 11324 6391 9286 
5 5 11248 269 9376 3257 6284 
5 3 6338 3315 11356 
3 11 273 9349 6308 11389 3328 355 9401 292 11273 3382 392 
3 3 273 1305 4354 
4 7 12128 12298 1210 1406 4261 10224 10196 
3 4 12567 7228 10716 10648 
4 3 307 12106 1292 
5 2 12229 10284 
4 7 12128 3563 4322 1254 4294 7341 4394 
4 7 7243 4300 4374 4227 4376 1429 4394 
5 4 392 9338 6302 6226 
3 7 12333 7491 10357 10414 7924 9605 1573 
3 5 7639 756 12239 10205 1384 
3 3 1573 7639 10671 
3 2 12581 2058 
6 3 7274 10652 4665 
3 5 10680 10550 10619 10547 1591 
3 3 3787 11750 9762 
3 2 6989 6961 
3 3 6989 3977 11879 
3 4 12679 4806 1797 7708 
3 3 6516 520 11474 
3 3 10250 12195 10438 
3 7 7236 12144 1291 7342 12215 1376 10297 
3 6 7329 12199 1348 1392 12271 7427 
3 3 12446 1322 1820 
3 6 12432 7158 828 10397 6904 9843 
4 3 4042 12076 13237 
4 5 7191 4042 10034 10076 7120 
3 4 12432 10424 4525 2087 
3 5 12432 10507 12300 4174 1519 
3 5 1519 4634 7571 1575 5007 
3 3 1029 7200 12055 
4 4 12055 11973 1161 11916 
3 5 12036 7222 11994 1146 4148 
3 7 7097 12483 7502 12350 9982 11918 9970 
3 2 7108 10062 
3 8 11991 12059 11920 9944 1066 7054 4038 3992 
3 5 4506 4561 1499 930 4642 
3 5 4075 12048 7015 9948 4121 
3 4 7658 10509 1648 4652 
3 7 4361 12165 1313 1274 10322 10150 10294 
3 2 10322 12268 
3 9 10279 7381 12249 1386 7223 12277 1413 4390 4608 
3 6 1386 4434 7642 10135 12293 1413 
3 3 4608 10491 12293 
3 3 4608 10479 12472 
3 3 10479 1209 10491 
3 5 1415 10165 7323 10265 1221 
3 6 1221 12236 10306 1372 12279 4228 
3 2 1368 10302 
3 2 12118 12153 
3 3 1492 7562 12363 
3 2 10386 1492 
3 8 1996 12322 1525 1553 10514 7634 1075 11968 
3 7 10745 7989 2046 12881 12806 1914 12887 
3 3 12725 7989 4963 
3 6 12887 4918 12862 2088 2003 12725 
3 3 12887 10851 10827 
3 2 10932 5180 
3 3 12975 8193 5117 
3 2 8248 12981 
3 4 4735 12391 8138 12985 
3 6 12958 10966 2126 1552 8054 1968 
3 3 5154 5189 5203 
3 3 12589 12692 4822 
4 4 1833 4696 4822 10697 
3 3 5203 1509 10697 
3 4 8245 10566 5106 1688 
3 4 8214 10525 4851 1874 
3 6 2120 12971 2180 2159 2217 2123 
3 2 1909 8008 
3 4 10803 8122 8065 7983 
3 2 10862 12742 
3 3 2025 1992 8034 
3 2 6039 9137 
3 4 4515 1516 9986 7716 
3 4 1516 1929 10858 8048 
3 6 4150 7008 12018 7958 7116 989 
3 4 3996 4055 1068 10031 
3 4 10665 5181 5187 2189 
3 2 12645 5181 
4 5 12910 10925 7567 5225 8186 
3 6 1652 2157 10983 1526 10997 12962 
3 2 10997 12990 
3 3 7453 8228 1652 
3 2 8243 8228 
3 3 1540 4630 1652 
3 2 10983 4630 
3 2 1540 7579 
4 5 7798 7811 4791 1773 12924 
3 2 4776 4791 
3 3 11019 4836 10455 
3 4 8234 7533 12377 4836 
3 3 7520 10388 4478 
3 8 7564 10430 12451 10500 4658 4478 4500 12377 
3 5 10430 4530 4546 5227 11006 
3 5 7566 4560 10460 10487 7651 
3 4 7566 12367 4520 7538 
3 4 7566 12382 8230 5206 
4 5 12576 2155 2130 12918 12910 
3 2 2197 8204 
3 7 7692 1786 1746 1713 7887 1565 4543 
4 3 1814 4804 7692 
3 4 7692 1801 10609 4748 
3 3 1786 7783 12604 
3 4 10710 4718 12664 7887 
3 6 7301 12713 6932 11931 1004 9958 
3 4 8049 5007 7301 1976 
3 5 10433 4649 7767 7897 1588 
3 4 9798 6863 1571 12482 
3 2 1489 10397 
3 4 10031 7144 11974 12044 
3 5 12583 7706 10408 10660 4686 
3 4 3755 11683 11546 11703 
6 3 121 9122 11099 
3 3 11124 6288 370 
3 2 9146 6171 
5 5 370 3027 3139 272 6124 
4 4 10142 10136 3280 237 
3 3 12536 7757 4665 
3 3 12543 12660 7691 
3 6 7874 12619 1662 10633 1375 4333 
3 11 4333 4232 10239 4281 7326 4309 1276 12115 10312 10168 7429 
3 3 4333 7407 7405 
3 2 7405 1239 
5 4 39 150 3143 6203 
3 4 6203 3077 6101 121 
3 3 9709 9726 11696 
6 3 731 6718 11633 
7 4 11248 11294 9273 9245 
10 4 6262 3292 261 11214 
3 5 9273 3356 9313 6315 6262 
10 7 3327 3391 6380 6414 9348 9282 9395 
4 4 6269 11338 9356 9278 
5 5 11344 9298 9360 6231 3268 
3 4 11314 283 214 9311 
3 3 9402 9305 3315 
5 7 11344 11277 3352 3224 6253 9373 11356 
4 8 9258 6248 6291 3221 3266 232 11227 9245 
3 3 499 9447 6430 
3 5 6601 3551 6574 9549 11537 
3 5 11537 9526 11510 3502 3563 
3 8 3618 9453 11591 12235 1247 4254 10253 4394 
4 3 7429 7233 10196 
3 5 7477 1593 10359 10510 12333 
3 4 1573 7775 4629 11687 
3 3 10357 7560 4958 
3 3 12583 4224 1591 
3 4 1459 11687 12430 12581 
3 2 1825 10408 
5 4 12594 11410 1794 1297 
4 5 7243 7600 7657 12329 7597 
4 5 7597 12397 4686 10148 1459 
3 2 7661 7477 
3 4 4805 12192 12263 4290 
3 4 12678 4246 7616 4829 
6 9 957 6989 11750 6684 664 6686 11643 10466 12189 
6 7 12189 4805 7672 12678 7801 10655 4725 
3 5 4719 4792 10708 12557 1743 
3 3 7886 10580 10649 
3 2 4789 7789 
6 3 4665 12515 12528 
5 3 7274 4734 1297 
3 3 12594 7890 1864 
5 10 1709 7800 4780 10670 9512 4209 1387 12102 307 1821 
6 6 9292 10213 12229 7429 4411 10256 
5 6 1821 12567 4758 237 11228 7375 
4 4 12187 12527 278 237 
4 8 6278 7403 7431 1380 10286 10314 361 3280 
5 4 392 9354 11292 11356 
3 5 10680 1668 10653 10584 12594 
3 2 11591 13008 
3 3 4394 12227 10196 
4 7 12128 10299 6379 3330 3357 393 11377 
3 2 6181 15 
4 6 6181 3121 9162 3008 86 3189 
3 8 94 9045 9055 11038 3092 9248 6102 11171 
3 3 11175 3071 11146 
5 2 11171 312 
5 3 39 11093 9107 
3 9 6075 72 6166 11074 6199 6088 6193 9213 186 
3 6 186 108 3155 1295 10579 7712 
3 4 7712 10723 11098 12502 
5 3 3151 13288 149 
4 3 3072 6095 11174 
10 4 3290 301 6380 11282 
7 4 9098 11032 6174 13283 
5 3 592 415 11202 
3 2 11443 11057 
3 3 3152 496 6381 
3 3 11291 6381 9079 
3 3 9240 9317 11291 
6 3 6342 6222 9340 
5 3 3296 6322 3525 
4 3 9262 3354 9483 
8 3 310 11358 11342 
3 4 530 9438 11498 11342 
5 3 386 360 3759 
6 2 580 3580 
3 5 560 3496 9520 3412 422 
6 3 6124 9370 6191 
5 6 6284 9276 3371 11309 9286 9258 
3 4 6284 376 6329 3266 
6 2 9245 9394 
5 4 356 3346 6398 9394 
5 5 356 3376 212 6315 6262 
5 3 356 3291 9579 
5 8 9579 534 9489 6432 570 523 9476 9461 
3 2 12434 4473 
3 7 11706 6758 3726 6748 6730 683 3682 
3 2 731 6750 
3 2 9694 9691 
3 5 9243 9391 9337 452 3551 
4 8 3578 483 3477 326 3316 6366 6394 6226 
3 3 3578 6539 9475 
3 2 3582 9504 
3 4 9475 6506 6602 3582 
6 3 3555 3529 498 
3 2 6553 3504 
4 5 11397 3557 11504 6495 6478 
5 7 11452 9479 511 11504 559 6605 3584 
3 5 9718 3722 568 737 3755 
6 3 6771 11700 6596 
5 2 6596 11405 
3 3 6596 3767 9729 
6 2 6478 6451 
5 4 11450 9461 6505 3479 
3 5 6597 3575 3757 9576 6600 
4 4 11703 6597 409 3452 
3 3 6520 9493 11477 
8 4 3544 524 402 290 
3 3 6460 6483 11411 
6 5 3288 348 395 9398 6375 
5 2 6407 3384 
6 3 3384 395 6332 
4 5 9398 266 11386 11357 11301 
4 3 6332 11265 348 
7 6 394 6235 6364 3277 3341 399 
6 3 3325 3277 11251 
6 3 3260 6393 6287 
3 5 9361 11372 11343 9263 362 
3 3 6375 9372 11386 
6 4 3380 3295 3230 548 
5 3 11372 11288 11260 
6 3 6286 9335 11318 
4 2 11318 11264 
6 4 6535 11233 11264 11360 
6 2 11264 309 
10 6 241 309 3326 3271 6325 9347 
9 2 6389 11331 
10 6 9347 9320 9294 11219 375 3499 
10 6 564 6513 11493 6377 6263 6325 
5 2 11331 11305 
10 4 9294 11305 321 9388 
10 4 3499 6521 11444 3312 
6 5 6282 6390 6309 9277 11260 
6 2 9361 9277 
9 3 3326 3234 405 
5 4 9238 11219 3367 3258 
6 3 6241 6286 6336 
7 8 391 6241 9363 9403 11346 11233 11388 405 
10 6 526 6377 3395 405 9509 11431 
10 5 526 9375 3522 9456 3499 
6 5 6325 6298 9264 9238 3522 
10 2 3499 9428 
10 3 9428 9496 3473 
10 4 3473 444 3532 6558 
10 5 321 293 3258 3312 6282 
5 3 6558 388 9387 
8 6 3544 11492 548 11515 17 6558 
6 4 9346 9290 6567 3544 
10 4 6570 6469 495 9443 
7 3 9363 3512 6469 
10 2 6535 495 
8 8 6469 587 9522 11562 6500 6496 3262 9498 
10 8 11560 3423 11494 3547 587 3444 11456 9498 
10 5 3547 6570 9482 9547 3524 
10 3 9443 11533 564 
10 3 11431 9443 9547 
10 6 3499 9560 6582 425 3561 6513 
10 3 3522 6487 425 
10 4 9428 478 514 6559 
10 4 6582 3535 11481 514 
10 5 9570 552 6595 3572 9496 
7 3 514 9535 6595 
6 4 6558 3460 3510 9570 
8 5 9570 6462 9511 11467 6464 
6 4 9511 11558 9439 11515 
5 3 3544 6511 3458 
6 5 3521 3458 6416 11430 9427 
4 3 6416 3482 9508 
10 3 6583 9575 3423 
10 5 3524 6488 11560 11547 11531 
10 4 564 9524 11445 11417 
7 4 6559 9471 9441 11404 
6 2 3558 3530 
6 4 9503 6529 678 9638 
10 4 11560 3558 549 9503 
10 3 11531 11502 9559 
10 3 11502 3629 549 
10 3 9503 6542 3530 
6 4 9638 11640 6712 6542 
4 4 678 11640 3679 6934 
10 4 3530 6568 589 6488 
10 6 3530 9517 11499 708 6693 692 
6 4 9517 11486 694 3679 
6 4 6568 6581 9557 11417 
10 6 11417 9572 11544 571 3299 9515 
10 5 692 3705 6540 561 11544 
5 5 482 13116 11445 3397 6488 
6 3 482 9497 9441 
10 6 425 6524 482 3474 9416 11544 
5 3 692 11620 673 
6 4 6693 11638 9655 6934 
4 5 9655 6680 6678 9636 673 
6 6 688 3675 11634 673 11618 9630 
6 4 9517 6555 11529 11544 
6 3 11499 3690 6934 
6 3 692 11653 9515 
4 2 9471 3585 
6 5 9515 3541 3571 586 11404 
6 6 692 9652 707 688 6708 3703 
5 2 9652 11634 
5 3 3675 668 6673 
3 4 668 671 11615 9630 
3 3 6673 3631 9627 
3 3 6673 3657 628 
5 3 6673 3674 3673 
6 5 9515 9681 3703 9665 732 
4 7 707 3688 6725 9681 532 5283 9541 
10 3 11542 6418 3585 
10 5 514 573 469 9414 11542 
6 2 9570 3485 
4 3 3485 421 3553 
10 3 6464 13205 9427 
3 4 3581 6573 11520 3730 
6 4 9508 11428 3586 9427 
8 6 11542 9429 583 3553 3569 6562 
6 5 9511 9457 3583 6590 6562 
6 4 3583 9567 9551 11539 
5 5 11539 3537 555 3550 3581 
6 3 6418 9555 3571 
5 3 11542 9569 9541 
8 4 9692 9539 11511 6562 
4 4 9660 9690 6561 3537 
3 4 11536 11691 9706 3730 
3 5 583 494 11414 6534 552 
3 2 11401 11414 
6 7 9692 3716 11679 11663 9660 684 6700 
6 5 3730 3713 6716 716 9660 
6 5 9648 9661 11666 6739 9692 
4 3 9541 543 732 
6 5 11666 3700 6720 9676 11663 
5 2 686 6720 
6 3 9630 11598 9598 
6 3 9648 653 3673 
4 3 9648 9679 11651 
4 3 686 11627 3670 
6 6 9648 9646 665 596 9596 9627 
4 3 665 6672 3670 
6 9 11623 663 9638 11604 11601 3641 9600 9584 3780 
4 2 11623 6680 
5 3 11623 661 658 
3 5 658 3662 11587 6661 9584 
4 6 11121 195 66 3172 11065 6013 
3 4 3083 9094 11172 11066 
5 4 11105 6144 11066 3137 
5 7 9206 6082 11056 9183 9073 67 6144 
4 6 3137 6047 6138 9038 6013 3122 
4 4 3061 9183 165 11043 
3 3 6082 52 3050 
3 5 11121 6212 9106 9233 11079 
3 6 3187 3030 9061 3068 3185 6146 
4 3 11079 3149 3073 
4 7 11043 141 11141 9104 3125 6146 11079 
3 5 3050 139 3131 3013 11043 
3 6 11043 9163 9056 11033 3119 6138 
3 5 9104 11199 132 11132 195 
3 5 3013 37 6033 6156 3068 
3 4 9038 3009 3117 32 
3 3 3137 3025 32 
3 5 11125 9147 6125 6165 9108 
4 4 9108 3104 9226 11155 
4 5 11155 3095 101 6055 192 
4 6 9108 6083 9143 9220 11067 6132 
4 6 11067 118 11185 6063 11129 6126 
4 2 11185 182 
4 4 205 6126 3108 9154 
4 7 46 9154 11123 11209 9051 49 11147 
4 7 383 6331 3286 3375 3063 6188 9209 
4 5 9209 9109 11082 161 6050 
4 6 9279 11376 9300 9410 242 9329 
4 6 9209 6311 6397 13265 9406 9329 
4 7 6050 11163 35 3106 11197 6093 9182 
4 6 9209 9185 3106 9193 9117 11091 
4 6 6188 6164 9054 11114 9138 179 
4 4 6397 9393 11380 11082 
4 6 9279 6345 9362 6412 3307 383 
5 4 6127 11091 3045 11147 
5 5 11147 11040 9151 205 130 
6 3 6050 9149 6127 
3 6 46 3039 11148 11120 11069 3138 
3 7 11155 6074 148 11190 3003 11 3138 
3 5 9054 3141 9218 3070 9182 
3 6 9182 6147 11053 6010 6129 9154 
3 3 6147 9173 49 
3 6 11114 6028 69 11070 6310 383 
4 2 3286 9329 
3 3 242 363 11215 
3 4 3229 6148 11311 9329 
3 3 9329 9251 6412 
4 3 69 11151 11184 
7 3 11184 6115 14 
3 3 179 3136 3021 
6 4 3314 391 3211 9498 
7 2 6241 11456 
6 2 3262 9431 
6 4 11562 9574 11419 6598 
6 3 3262 6598 516 
10 6 11483 6446 6560 516 3516 11519 
6 4 11519 6537 3488 9522 
5 2 11519 9574 
10 3 11606 9536 516 
6 4 3516 9444 9418 6583 
6 4 11562 3488 6583 9559 
10 5 454 3476 3536 11483 11606 
6 3 575 3536 11548 
10 4 454 9561 11506 9523 
7 6 11606 3447 9472 3560 5291 9559 
10 6 11506 11518 11549 13011 6545 9505 
6 3 454 3402 11549 
7 2 3447 11549 
10 6 3506 9490 3533 9505 11488 11642 
6 2 6545 5291 
10 3 3652 3669 3506 
10 3 678 698 6698 
10 4 3652 648 11794 6613 
10 6 3652 9642 6698 11642 11516 11502 
6 6 9638 9620 11590 6666 3646 9642 
6 3 648 9625 9609 
8 6 6613 780 762 11713 958 11834 
6 3 6609 764 9738 
6 3 780 3768 764 
6 5 11834 911 3928 9909 11891 
5 4 762 3762 9736 3764 
8 3 958 11877 9898 
6 5 9898 6960 3946 9853 9824 
6 6 3946 6917 943 6766 11702 755 
6 5 6766 12169 11699 3740 9710 
6 4 11702 929 9717 9737 
6 4 755 9734 9751 620 
6 4 6613 11593 3594 9748 
6 2 3594 9609 
5 6 9748 769 3754 11709 6962 6960 
3 4 11877 9728 9732 769 
4 4 6766 3948 752 3754 
5 4 9734 11718 6773 3754 
6 2 6613 6786 
3 3 6786 11716 9732 
3 4 11699 9884 11838 9840 
6 6 9737 6777 9710 743 6756 3735 
5 3 11565 6792 9734 
6 7 620 3626 651 9629 11631 3493 512 
6 6 11565 9597 6657 11600 11616 11465 
10 7 9737 11565 595 11582 629 11596 3671 
6 3 6657 655 629 
4 3 629 625 620 
5 5 620 6618 9593 11576 9748 
10 4 11465 503 3495 3509 
9 3 503 9478 3671 
10 5 3671 6533 512 9507 9523 
10 3 11465 9510 6536 
6 7 6599 11521 539 9550 11508 9495 11465 
10 3 9523 9725 3506 
6 6 9609 11611 3655 9629 669 3671 
6 3 3655 6644 11576 
6 3 512 6518 9644 
6 3 11611 9644 3506 
6 4 6449 3579 11535 6599 
6 3 11521 553 3509 
10 4 9523 6547 3534 3509 
10 5 11506 9534 6569 11563 9434 
10 4 6599 9578 3549 9523 
6 2 9578 11563 
6 4 11563 485 11420 454 
8 7 6666 9603 778 6609 6784 3589 6613 
6 4 3938 13224 11863 9778 
6 4 11863 9757 942 832 
6 3 6856 6906 9896 
4 8 6906 3799 3891 3945 6879 9852 6914 13224 
5 3 832 11884 6856 
5 4 11884 9889 4098 10024 
6 3 3938 9767 6993 
5 4 6993 9785 11766 813 
6 4 6903 6878 3816 813 
4 4 9896 6817 3873 6966 
5 5 3816 3954 13223 6966 6812 
6 3 6812 9764 854 
4 2 854 9824 
4 6 3816 9813 11793 13225 6836 6812 
4 2 9813 9840 
3 6 6766 3915 3898 6865 9797 9764 
4 5 9896 871 7213 11737 3816 
5 4 11766 857 13226 885 
5 6 6903 3902 11852 3735 13233 740 
4 4 3735 3933 9857 6903 
6 5 11852 885 903 6936 11825 
6 6 11825 9846 9800 939 3794 3938 
4 5 6936 9872 9700 738 11688 
3 6 726 6746 11684 738 13220 13233 
4 6 11825 9827 11809 11806 3859 11766 
5 7 729 11843 13219 726 3920 4024 6936 
4 3 6734 9689 6955 
4 4 6734 9686 11677 729 
4 4 729 11692 6955 758 
4 3 726 3729 11707 
4 6 13219 3727 3918 918 13232 3874 
5 6 9778 12081 950 3871 875 1178 
6 2 1178 7183 
4 6 950 10111 1090 1176 11956 12038 
4 4 11956 4065 10109 10024 
4 5 3938 858 9881 6832 9778 
4 4 832 9903 1093 10024 
3 2 1176 747 
5 5 875 6744 4182 10009 9979 
4 5 1176 7068 10009 13231 7183 
4 3 10009 7153 4135 
4 4 7183 4080 9815 12070 
4 5 6832 6948 3930 9925 6902 
4 4 875 879 3810 3930 
4 5 9815 11749 11798 931 9925 
3 6 9925 13230 9839 11756 794 3874 
4 2 3874 939 
4 4 858 3986 9917 9839 
6 5 11805 924 3798 6924 9817 
4 2 9817 11673 
4 6 9817 724 6941 874 6867 3874 
3 2 6941 3892 
4 8 3798 9787 6818 845 938 9770 13221 6867 
4 4 3798 11885 3926 6902 
4 7 924 11768 9869 6933 9765 6880 3790 
4 3 970 9869 6986 
4 2 7183 1048 
5 3 11891 3772 6788 
6 5 9738 6780 3782 776 3780 
6 7 3780 773 3776 603 9598 3604 11584 
6 5 11584 628 6626 599 9627 
6 4 6606 11734 9582 11584 
6 5 3780 6790 9752 6606 782 
5 5 6606 6985 1616 9907 6946 
6 4 3780 11726 771 6788 
6 4 771 9741 11730 6780 
5 2 6788 6973 
5 7 6973 6946 11833 6875 6862 11751 9904 
5 5 9904 9794 3885 9879 9907 
6 5 9904 11846 923 9826 819 
5 4 782 9924 967 925 
4 3 9794 6926 925 
5 6 925 9838 6831 3966 6939 883 
4 4 9904 11882 963 6831 
6 6 819 955 851 3968 9856 11837 
5 4 883 6843 9784 11837 
4 2 11837 11998 
5 5 3968 10027 3901 12066 9990 
4 3 819 11803 883 
3 3 3838 9851 11804 
10 4 6103 11374 221 271 
10 7 9379 11382 364 9322 296 11253 6103 
10 6 11333 6103 11221 9268 6270 9297 
10 3 6103 507 9458 
8 3 11333 13070 3501 
6 2 13070 11446 
10 6 6103 9239 6221 3369 9484 3463 
10 5 9268 11279 6237 9315 9379 
4 2 9484 3422 
6 3 3463 540 6526 
7 3 3369 7239 9297 
6 4 3369 6378 377 407 
6 3 9379 6318 6384 
10 4 9297 3301 3205 6384 
7 4 9297 11345 6237 11382 
4 2 311 3301 
5 4 3301 6301 253 407 
6 7 9250 11382 9269 9332 11270 351 219 
6 3 9379 9269 11297 
6 4 6384 6335 6399 9285 
6 6 9379 6268 9397 9285 219 11218 
6 4 11218 6320 6395 3273 
6 4 351 11299 11378 9392 
7 3 3273 9383 9392 
6 4 9383 6300 3150 11136 
6 2 3273 6385 
6 4 6300 159 11306 9075 
3 2 6385 11161 
6 4 11136 11207 9161 9075 
5 5 9075 6046 6104 3159 13270 
7 5 9303 11287 369 3359 11293 
10 5 11293 7377 285 11237 11267 
6 2 7394 11267 
6 6 3359 3242 3379 3329 276 385 
3 3 385 11303 3359 
3 4 9303 3396 6313 11267 
5 6 9596 3654 11581 624 9595 6647 
4 9 3924 3974 984 6611 3601 13252 11564 11735 599 
4 5 11581 3592 3601 6614 6619 
3 4 11899 11572 9591 6647 
3 5 11572 9922 6983 3985 3974 
4 3 6983 6619 9595 
3 6 11899 11872 9894 6889 9821 9809 
8 5 11586 11580 3617 619 6647 
5 4 619 3623 6670 6700 
4 8 3882 11832 11857 11887 9602 6998 11583 11586 
3 6 11899 11741 982 3956 3984 11583 
4 6 6940 9874 3882 3833 3526 11818 
4 4 9602 9756 9771 965 
3 3 3833 3865 974 
5 3 3617 11787 9606 
5 4 11787 6643 679 11646 
3 2 3884 9875 
3 5 11965 1173 4193 7211 7096 
4 3 4109 1109 976 
3 5 11965 4078 7096 3988 4109 
4 6 976 863 3973 3844 10163 11818 
3 4 974 9837 936 10163 
4 6 3526 6990 9930 11774 11905 11842 
4 3 11842 922 9833 
7 4 9660 6703 682 3670 
5 5 6670 9643 11610 9624 3670 
4 3 11581 9611 3670 
5 3 11610 3680 6703 
6 4 684 11646 9656 6682 
4 3 9606 11608 6682 
4 4 6682 9640 11622 676 
6 3 11646 11644 11659 
4 3 3730 6735 11659 
5 4 11659 3696 3709 6711 
6 4 9617 3663 11619 690 
4 4 3696 713 746 3548 
4 4 9606 3649 11657 6652 
4 5 6652 637 3639 3636 9617 
4 6 690 3676 11639 676 3694 6711 
4 4 637 11605 6679 676 
5 4 9617 11603 6677 657 
6 2 3663 9651 
5 3 9651 11636 6706 
5 6 9651 11652 9701 6729 723 9716 
3 7 6711 6714 9672 6731 9685 11689 744 
3 6 676 9670 711 11672 6747 6729 
3 3 690 3689 11672 
3 3 9617 6658 9612 
3 3 657 11597 9783 
5 8 949 965 793 3796 9610 9612 649 9783 
5 4 949 3971 6982 6923 
5 6 6923 6952 6814 6967 9919 9902 
4 3 6814 6842 9612 
4 4 6923 9862 9888 11842 
3 2 6923 893 
3 4 949 935 6857 3526 
4 5 11829 11811 3851 3786 3951 
4 6 3951 6808 3907 9901 6925 11747 
3 5 904 11866 3919 6908 11747 
4 5 9878 3983 3856 11831 3951 
3 3 928 9921 9799 
4 6 9878 6945 11796 3927 928 4112 
3 4 9878 11907 12016 1005 
3 5 3786 947 11867 11778 9799 
3 4 11778 785 981 3856 
4 4 4076 7164 3996 7011 
3 5 11976 12455 2027 5099 12758 
6 7 11952 7150 4187 7013 1349 10270 12182 
4 5 8087 10324 1359 12142 12182 
4 4 7340 1275 4472 8087 
4 4 1359 5104 10259 10756 
6 2 10278 7436 
4 5 10756 12779 7310 1344 7436 
4 6 10278 12180 10152 1430 4321 7340 
4 4 7436 4420 10808 8011 
4 8 10808 8067 7363 10274 7447 7391 10190 7244 
3 5 1273 4291 12105 10799 10756 
3 5 12105 7250 12295 10210 12182 
3 6 12105 4278 10208 1412 8100 8011 
3 3 8100 4414 10756 
3 6 1321 7402 4327 1409 12247 7363 
3 6 12247 4416 1381 12164 1268 7436 
3 2 10149 1268 
3 4 10756 10296 4365 4321 
4 5 7340 7297 4237 10255 10001 
4 5 10001 11978 12462 10116 10088 
6 2 3456 10108 
4 4 10108 7049 10735 1971 
5 4 1971 7084 4110 10108 
5 3 10735 10813 5105 
6 2 1971 10898 
3 3 5105 8013 5075 
5 4 10898 8007 9084 10887 
4 6 2086 2032 2002 10772 12005 10887 
4 3 10898 10843 10772 
7 6 4245 4204 1444 12452 4544 4516 
7 4 4516 1569 2005 7938 
3 5 8087 11950 5019 10311 7060 
5 6 10270 7119 7060 7177 10872 4950 
4 5 4187 10019 7177 7430 12781 
4 5 10001 7090 9946 7574 12420 
4 4 12781 7619 4557 12420 
4 5 4950 12799 10801 4410 7938 
4 5 10088 12063 4104 4062 4245 
4 7 10401 12375 4513 1538 1059 7220 4062 
4 4 12420 10401 8120 10801 
3 3 7619 10030 4950 
4 2 11952 9975 
4 5 11952 7165 12743 4106 2092 
4 4 2092 7905 4915 2086 
3 3 4106 12080 10872 
4 2 4950 11995 
4 6 4106 10816 11995 4953 5096 4045 
6 7 7938 5040 4045 12137 5086 10794 2086 
4 4 4045 2036 10807 4915 
4 4 10887 4979 8022 12763 
4 6 12005 12822 12708 5157 11955 2086 
4 2 2032 12708 
5 3 7938 5055 12137 
3 7 5055 12786 10751 1541 10361 7475 7565 
6 3 4245 12050 7124 
3 7 1525 7455 10349 10389 7565 7537 4544 
3 5 12338 10389 10443 4616 7124 
4 7 3962 7532 10444 10512 12421 1642 4576 
4 5 12421 7595 1512 4646 1642 
4 2 10512 12493 
8 4 7169 12056 3848 6994 
8 6 7169 1024 4118 7016 993 1182 
6 7 9859 6994 9865 1063 4067 11930 1117 
4 3 12056 9807 6870 
8 3 1117 12007 10128 
8 5 10128 10015 11908 1097 1182 
8 6 10128 10032 7102 1067 11960 7072 
10 8 1182 9998 7157 7087 12097 10125 4172 1067 
4 3 1182 4188 4184 
8 7 7072 12031 7212 11946 1092 10052 11985 
6 6 7145 1167 10055 9985 1136 11960 
5 4 7145 1191 7050 11985 
3 3 7212 4197 1167 
4 5 10125 4142 4054 1051 7072 
4 2 1067 4142 
5 4 7046 4179 4094 9965 
4 2 4179 7197 
7 3 1025 7110 9950 
6 6 7110 4164 11925 12006 1183 4102 
4 7 4102 11949 1020 7178 10092 4027 1025 
3 2 11925 10092 
6 2 9955 4096 
6 7 4056 4086 1081 10115 1100 7221 7125 
6 5 7125 12040 11915 10065 4052 
3 5 1054 12060 4086 12089 7121 
4 5 11948 10110 4126 11977 10115 
5 5 7125 9981 848 10083 6928 
3 2 848 11958 
4 5 4052 9790 912 11835 6981 
4 8 6928 3981 3852 6922 959 6822 898 6944 
5 7 1150 3783 964 11764 9781 987 11771 
3 3 11906 9766 783 
3 2 8152 12993 
5 8 3706 4765 4877 7761 1737 7853 4413 1408 
4 5 3010 7787 3706 1262 1857 
4 6 7853 7677 12578 7820 1262 7718 
5 5 12603 3769 10552 7718 3706 
5 3 12603 1788 3721 
6 3 3721 12688 4872 
6 5 4872 4426 4875 1769 7899 
5 7 7899 4775 10718 1782 4869 7366 9467 
4 4 3010 6754 1347 7761 
4 5 3010 515 6726 9669 4739 
4 5 3721 12593 12663 3481 4739 
4 4 9669 11440 3769 7883 
4 4 4413 4428 10157 7315 
4 2 12578 10693 
4 5 4872 1873 11667 12597 10618 
4 3 12593 10656 3481 
7 3 4345 4270 3778 
6 7 3778 6630 3608 605 11569 6797 3775 
6 4 11654 749 3763 3775 
6 6 3763 774 722 9711 9724 6710 
4 6 3775 9583 9585 11728 3640 9467 
5 7 9467 6510 6676 9634 3661 3635 3778 
4 3 3661 3608 11567 
6 3 4345 7345 7289 
5 4 4345 9601 7291 12149 
4 7 7289 10230 12202 10318 1282 4342 4285 
3 7 4285 1424 7304 7644 7361 1354 4623 
3 5 4285 12289 634 4362 12291 
3 4 1424 4432 7379 4305 
3 3 12291 4305 4422 
3 2 12289 4432 
3 6 12291 1284 7433 10320 4417 7289 
4 5 9467 12278 12582 5205 751 
6 7 1734 12693 12597 3719 1752 10709 4759 
6 2 6752 12693 
4 7 751 4854 10599 9678 1849 7776 1734 
7 5 3513 12183 7865 10687 12673 
7 5 12673 4747 10155 7442 7315 
6 4 7315 7386 10271 3513 
6 2 3513 12211 
7 5 12673 4778 3781 6742 1736 
6 6 7865 12553 9616 10556 1789 12535 
7 6 1736 4741 1851 7760 1767 6722 
7 8 6722 12566 1836 4772 10685 10618 6752 1866 
6 2 3719 10685 
6 4 1736 7779 4860 10593 
6 5 1857 11712 4860 12585 1851 
6 7 12673 1690 10693 1832 4838 1854 1857 
6 6 1857 10593 10624 4863 7883 4759 
4 2 10709 1836 
9 3 9671 3678 6699 
9 8 9814 9855 9911 4518 6876 6694 6699 9713 
6 9 3513 4328 4274 10151 3471 6665 3588 9697 9713 
9 7 9713 710 4607 12399 10591 10651 4865 
9 6 4569 1621 12361 10717 7834 1352 
9 7 1352 1753 10532 4871 12570 12642 10588 
9 7 10588 1658 6887 1756 4742 10662 4865 
10 6 4569 12305 7626 1604 12437 1595 
6 4 9814 11757 7517 1562 
6 7 9814 10483 11795 823 7986 10783 3834 
6 5 1736 10672 12535 10582 4865 
6 7 10483 10387 4657 4799 7879 12699 10662 
4 4 4799 12425 4521 12399 
6 8 10894 4955 8064 12875 1915 9920 3960 10778 
5 5 12782 6987 5061 2060 12835 
4 4 10337 12410 4884 2042 
6 10 1646 4444 12489 12458 7485 5001 6968 10778 10861 5022 
6 9 10717 1564 1534 2043 1618 6803 8025 2082 9920 
6 8 10387 12303 4727 11814 12765 6897 1972 4975 
6 5 4975 10642 12627 10588 1827 
6 7 4975 12684 10867 12893 3972 10702 10798 
6 7 12341 5022 7836 12875 12301 9773 10867 
4 3 4955 12720 10867 
6 6 10740 3867 8070 12684 2102 9908 
6 8 9920 5085 11743 9822 10798 11802 4740 7892 
6 7 9908 12624 4586 10340 12024 7892 1352 
6 9 10798 7904 1806 2043 4567 4597 10477 1646 7797 
10 5 12305 7831 10586 7615 7797 
7 7 7552 1453 10449 10410 4510 7464 7797 
6 7 12535 7888 12633 12561 10640 4723 7780 
8 7 1827 7780 11772 4830 3855 7852 12586 
6 5 4723 4794 10711 7814 1851 
6 4 5001 12401 1528 12313 
6 6 10778 4577 12401 7555 7599 10449 
6 7 7852 12516 7840 7745 1747 10587 7760 
6 6 10666 12646 12577 1867 9880 1866 
4 5 1747 3750 7862 4880 1867 
8 9 12586 10666 1770 12418 7306 10478 11589 12312 9450 
6 5 7834 4757 10676 3708 7852 
7 9 7834 10391 7449 4590 1527 10339 6737 12368 9450 
9 8 1866 1719 3699 10526 10341 12456 12357 9450 
8 8 1866 4807 4691 12418 1678 10516 10391 10717 
7 4 7449 7607 1523 4569 
6 6 1564 1441 12463 7586 4625 7797 
6 5 6710 11669 3766 11731 10233 
6 7 10233 7420 9747 11714 11685 11641 6713 
6 4 11685 9684 6769 6710 
10 8 9450 6713 9654 11637 689 3685 9825 6890 
10 5 6890 882 3687 6707 11654 
7 8 1843 9834 10489 866 12439 1572 12381 1480 
10 6 7202 10047 11927 10051 7083 7045 
10 6 7045 3925 11841 3823 873 3957 
6 3 3925 11738 788 
6 5 10051 1132 4168 11783 3925 
10 7 3957 6984 9758 6845 11782 6882 3878 
10 7 3878 9847 6909 9832 11830 3906 6732 
6 4 6732 3712 3732 7462 
4 3 7462 12459 10318 
7 5 3878 6911 3806 9693 1436 
7 6 11654 734 3733 3702 9708 1436 
6 5 7345 3602 9754 6916 9708 
6 5 3806 11665 10381 11662 7345 
7 4 3806 718 715 6732 
4 5 7289 7629 4445 3715 3712 
4 4 7629 10481 6719 7462 
6 6 6909 9850 908 718 9675 4445 
10 9 11654 9664 11680 11650 894 3897 891 3693 6882 
6 6 3702 6717 3897 9820 6869 6845 
10 6 11800 11789 11769 11758 6929 3957 
10 3 6890 4442 11800 
7 4 6713 4437 4531 1595 
10 6 1604 4508 1655 10461 9682 9450 
6 6 1604 11635 10727 4402 12670 12501 
6 7 7797 10615 1987 12501 10281 1758 10909 
10 10 1595 9796 831 11776 9775 6855 827 6874 9808 11800 
10 7 4601 11776 11760 659 3685 11656 6710 
7 3 1595 4527 4601 
7 4 9796 9810 870 689 
6 6 971 10441 7588 7646 10343 3823 
6 3 6855 9760 971 
10 3 4601 11890 971 
6 7 971 7528 3829 801 9923 9789 11769 
10 6 11890 4452 9727 1582 913 7791 
7 5 7791 10909 968 9996 12384 
6 6 11841 10412 9931 12445 10081 7138 
6 4 7138 10495 7643 7791 
8 8 12384 638 10394 1485 7527 4491 7138 7083 
10 7 7552 7524 4464 7668 7480 10520 10352 
10 6 10352 7640 12325 1433 1480 11975 
6 4 1433 12470 10492 12384 
6 4 638 7118 10465 11975 
6 5 10352 11942 492 7422 12735 
6 6 9996 4594 12735 1587 11717 4510 
6 4 12735 10192 10824 12501 
6 3 10192 10753 10615 
6 4 4510 10355 7543 12489 
3 6 10889 2021 12867 4904 12715 4965 
3 3 6499 3410 3581 
3 4 9706 3548 9563 6460 
3 3 9468 3434 11536 
4 4 10068 12043 1052 3900 
8 3 6536 542 3552 
6 3 6115 11078 3021 
3 5 7097 1640 11988 7653 3992 
10 4 11666 704 11651 9665 
5 2 9414 11401 
6 4 9692 541 11522 11539 
8 5 3320 9295 11342 233 9341 
5 3 9262 3319 3296 
9 6 301 11362 6316 9311 3370 3268 
4 4 6458 6532 3568 546 
4 4 3834 853 1793 12765 
6 2 7169 4067 
3 11 7502 10377 12053 12407 10404 7095 1597 7650 7137 4177 4121 
3 7 1597 4134 12436 4532 10616 4504 4192 
3 6 12705 11972 10819 4192 7606 7446 
3 6 531 7911 1933 556 2022 1630 
4 7 315 11325 11383 11230 289 6354 11220 
4 6 11336 3278 11230 9247 11271 9289 
6 3 3521 9544 290 
8 2 9508 548 
3 3 4397 1362 1390 
2 3 11967 9989 7079 
1 4 1189 12039 11957 7005 
1 13 4194 7209 9980 1118 1041 4047 10046 10117 12088 4057 1198 1127 4120 
1 9 12094 4151 1204 7082 9992 1130 4136 10120 7079 
1 6 1427 7587 4319 10193 12125 1403 
1 4 1553 1581 10486 12464 
1 8 1086 7151 7001 1544 4440 1631 12413 3795 
1 4 12363 10863 12898 7965 
1 5 12473 7671 3942 2013 12413 
1 4 197 11030 9112 6087 
1 5 5206 1514 2139 4487 4441 
2 2 4159 9990 
1 6 5210 10976 12941 8164 10928 12991 
1 7 12991 2063 4995 13248 10775 8036 5010 
1 5 10833 5068 12757 13253 13248 
1 5 12504 10930 1846 10988 5180 
1 3 10932 11017 10860 
1 4 5010 12856 2009 12887 
1 6 12887 12800 10877 2096 8223 12929 
1 6 12929 11145 8019 7912 10734 5010 
1 2 2088 13251 
1 4 4110 1147 4064 9975 
1 7 12763 2084 10821 5087 1766 4923 2058 
1 6 5005 5089 8117 10881 12863 7982 
1 4 7982 1986 2070 5075 
1 7 12748 8009 10890 12852 12739 12895 5075 
1 3 7602 12359 1593 
1 5 4473 4901 4609 4553 10523 
1 4 10523 2071 12861 1896 
1 4 12861 4943 6826 8123 
1 6 4108 7203 12857 5046 8111 8038 
1 6 8038 5012 10875 7992 5034 4948 
1 7 7972 4989 12834 12891 12747 12858 1909 
1 4 1909 2038 2094 7959 
1 5 7959 8006 10762 10803 12742 
1 5 10862 12785 1951 10919 2050 
1 5 6039 10831 8034 4952 2050 
1 6 6039 5036 8244 5139 8207 12975 
1 4 8245 5177 12935 2120 
1 5 2123 2202 12944 8182 2196 
1 3 2196 8183 5210 
1 8 10957 8136 12391 10966 5158 8248 8219 10968 
